3.640 3.294 6.526 4.508 5.961 7.922 6.169 8.496 9.912 4.095
1.402 5.562 9.080 3.648 1.874 3.870 3.142 6.228 3.362 2.079
4.257 5.071 1.089 3.350 4.019 9.261 1.239 6.512 3.322 3.205
4.976 6.764 1.640 2.286 4.995 4.852 7.956 1.065 3.730 9.031
3.586 6.999 9.826 5.805 5.195 5.767 5.388 9.216 4.368 6.125
3.304 2.303 2.104 9.190 2.060 3.242 9.364 4.733 4.885 1.656
6.637 2.168 2.663 4.140 9.224 1.513 8.434 4.838 7.717 8.532
6.763 9.552 6.043 5.078 5.917 6.270 1.493 3.560 1.463 3.278
5.510 7.849 8.626 4.887 9.010 4.989 9.778 2.391 8.470 2.002
8.050 8.648 9.202 5.283 3.828 8.529 5.680 4.434 6.402 2.479
