3.975 4.399 9.900 6.196 7.840 8.390 7.846 9.455 9.941 6.240
6.692 6.640 9.349 4.048 7.584 6.268 7.784 6.037 5.523 7.998
6.024 8.584 3.087 9.891 8.368 4.967 3.653 7.134 4.058 2.313
3.709 7.326 3.348 7.431 8.538 1.083 8.209 9.433 7.917 2.956
9.109 6.911 4.948 7.922 6.170 9.093 2.935 3.610 3.897 7.667
3.454 8.296 6.762 3.676 4.343 9.768 1.447 4.687 8.069 3.924
9.070 4.137 7.821 4.327 2.791 1.099 3.461 8.560 7.412 8.517
9.667 5.694 8.487 1.380 3.805 4.203 2.415 7.381 7.662 2.239
1.184 6.158 1.233 6.031 3.660 1.350 2.508 4.994 7.012 2.572
5.581 8.776 6.021 4.503 4.877 5.881 9.956 8.349 6.451 8.269
